bmw
1000
2
3
3000.0
20.0
3200.0
40.0
skkkaaa
0
0
0
0
0
0
0
bbbb
0
0
0
0
0
0
0
javi
0
0
1
0.0
300.0
0.0
300.0
jaki
0
0
0
0
0
0
0
Javin
3276
0
6
0.0
200.0
20.0
320.0
Jake
0
0
0
0
0
0
0
jake
2000
0
2
0.0
400.0
0.0
700.0
Javen
13000
0
1
0.0
600.0
0.0
600.0
Jav
100
1
0
40.0
0.0
40.0
0.0
n
10
0
1
0.0
20.0
0.0
20.0
Javi
100
0
1
0.0
40.0
0.0
40.0
wawawaw
7444
0
1
0.0
20.0
0.0
20.0
jak
100
1
0
40.0
0.0
40.0
0.0
jav
1333
0
1
0.0
4000.0
0.0
4000.0
jjj
0
0
0
0
0
0
0
jj
0
0
0
0
0
0
0
waht
0
0
0
0
0
0
0
kkk
0
0
0
0
0
0
0
300
0
0
0
0
0
0
0
javin
0
0
0
0
0
0
0
